193
194
107
246
8
3
12
247
110
111
249
27
43
248
230
227
48
49
50
51
52
53
54
55
56
57
65
66
67
68
69
70
71
72
73
74
75
76
77
78
79
80
81
82
83
84
85
86
87
88
89
90
106
252
96
97
98
99
100
101
102
103
104
105
186
226
191
192
219
220
221
222
223
240
243
225
245
254
188
242
239
244
241
149
147
150
148
234
189
235
236
237
190
187
233
238
253
231
250
229
13
41
108
32
109
9
251
255
30
93
166
171
167
172
168
170
169
20
28
46
40
35
112
121
122
123
124
125
126
127
128
129
130
113
131
132
133
134
135
114
115
116
117
118
119
120
24
47
36
228
45
23
21
25
182
183
180
181
1
162
37
164
160
91
4
176
179
177
178
31
34
29
144
146
19
42
33
2
163
39
165
161
92
145
95
44
38
174
173
175
5
6